1.000000e+00    3.751831e+00    2.446248e-01    1.628894e-02
2.000000e+00    3.164747e+00    5.566606e-01    1.161720e-01
3.000000e+00    2.644705e+00    6.695337e-01    2.220126e-01
4.000000e+00    2.229300e+00    6.647838e-01    2.747934e-01
5.000000e+00    1.895693e+00    6.109323e-01    2.866516e-01
6.000000e+00    1.623875e+00    5.389650e-01    2.754911e-01
7.000000e+00    1.399637e+00    4.631685e-01    2.527915e-01
8.000000e+00    1.212809e+00    3.903255e-01    2.252367e-01
9.000000e+00    1.055896e+00    3.235401e-01    1.966327e-01
1.000000e+01    9.232298e-01    2.640112e-01    1.690851e-01
1.100000e+01    8.104247e-01    2.119316e-01    1.436859e-01
1.200000e+01    7.140297e-01    1.669723e-01    1.209206e-01
1.300000e+01    6.312898e-01    1.285510e-01    1.009157e-01
1.400000e+01    5.599808e-01    9.598468e-02    8.359109e-02
1.500000e+01    4.982907e-01    6.857397e-02    6.875542e-02
1.600000e+01    4.447313e-01    4.564933e-02    5.616468e-02
1.700000e+01    3.980729e-01    2.659396e-02    4.555824e-02
1.800000e+01    3.572940e-01    1.085332e-02    3.667998e-02
1.900000e+01    3.215414e-01    -2.062979e-03    2.929018e-02
2.000000e+01    2.901002e-01    -1.258364e-02    2.317126e-02
2.100000e+01    2.623687e-01    -2.108028e-02    1.812997e-02
2.200000e+01    2.378390e-01    -2.787293e-02    1.399725e-02
2.300000e+01    2.160810e-01    -3.323585e-02    1.062687e-02
2.400000e+01    1.967292e-01    -3.740310e-02    7.893443e-03
2.500000e+01    1.794725e-01    -4.057374e-02    5.690139e-03
2.600000e+01    1.640447e-01    -4.291657e-02    3.926430e-03
2.700000e+01    1.502182e-01    -4.457433e-02    2.525934e-03
2.800000e+01    1.377971e-01    -4.566744e-02    1.424434e-03
2.900000e+01    1.266131e-01    -4.629727e-02    5.681190e-04
3.000000e+01    1.165206e-01    -4.654894e-02    -8.797106e-05
3.100000e+01    1.073934e-01    -4.649378e-02    -5.812923e-04
3.200000e+01    9.912244e-02    -4.619146e-02    -9.429624e-04
3.300000e+01    9.161238e-02    -4.569177e-02    -1.198759e-03
3.400000e+01    8.478024e-02    -4.503615e-02    -1.369971e-03
3.500000e+01    7.855346e-02    -4.425904e-02    -1.474128e-03
3.600000e+01    7.286841e-02    -4.338897e-02    -1.525613e-03
3.700000e+01    6.766919e-02    -4.244952e-02    -1.536186e-03
3.800000e+01    6.290655e-02    -4.146012e-02    -1.515423e-03
3.900000e+01    5.853708e-02    -4.043670e-02    -1.471088e-03
4.000000e+01    5.452230e-02    -3.939233e-02    -1.409445e-03
4.100000e+01    5.082814e-02    -3.833760e-02    -1.335520e-03
4.200000e+01    4.742433e-02    -3.728112e-02    -1.253319e-03
4.300000e+01    4.428389e-02    -3.622980e-02    -1.166012e-03
4.400000e+01    4.138279e-02    -3.518914e-02    -1.076083e-03
4.500000e+01    3.869952e-02    -3.416350e-02    -9.854607e-04
4.600000e+01    3.621483e-02    -3.315626e-02    -8.956196e-04
4.700000e+01    3.391142e-02    -3.217002e-02    -8.076679e-04
4.800000e+01    3.177376e-02    -3.120672e-02    -7.224190e-04
4.900000e+01    2.978787e-02    -3.026775e-02    -6.404502e-04
5.000000e+01    2.794111e-02    -2.935407e-02    -5.621505e-04
5.100000e+01    2.622208e-02    -2.846628e-02    -4.877602e-04
5.200000e+01    2.462045e-02    -2.760465e-02    -4.174030e-04
5.300000e+01    2.312685e-02    -2.676925e-02    -3.511122e-04
5.400000e+01    2.173278e-02    -2.595993e-02    -2.888518e-04
5.500000e+01    2.043052e-02    -2.517638e-02    -2.305342e-04
5.600000e+01    1.921301e-02    -2.441817e-02    -1.760337e-04
5.700000e+01    1.807385e-02    -2.368475e-02    -1.251985e-04
5.800000e+01    1.700719e-02    -2.297550e-02    -7.785946e-05
5.900000e+01    1.600765e-02    -2.228972e-02    -3.383780e-05
6.000000e+01    1.507037e-02    -2.162666e-02    7.048508e-06
6.100000e+01    1.419086e-02    -2.098554e-02    4.497968e-05
6.200000e+01    1.336503e-02    -2.036551e-02    8.012970e-05
6.300000e+01    1.258913e-02    -1.976572e-02    1.126626e-04
6.400000e+01    1.185974e-02    -1.918529e-02    1.427293e-04
6.500000e+01    1.117373e-02    -1.862333e-02    1.704646e-04
6.600000e+01    1.052826e-02    -1.807893e-02    1.959852e-04
6.700000e+01    9.920719e-03    -1.755119e-02    2.193878e-04
6.800000e+01    9.348765e-03    -1.703920e-02    2.407474e-04
6.900000e+01    8.810279e-03    -1.654208e-02    2.601176e-04
7.000000e+01    8.303361e-03    -1.605896e-02    2.775300e-04
7.100000e+01    7.826323e-03    -1.558901e-02    2.929963e-04
7.200000e+01    7.377682e-03    -1.513145e-02    3.065106e-04
7.300000e+01    6.956151e-03    -1.468554e-02    3.180537e-04
7.400000e+01    6.560633e-03    -1.425066e-02    3.275986e-04
7.500000e+01    6.190217e-03    -1.382625e-02    3.351179e-04
7.600000e+01    5.844167e-03    -1.341188e-02    3.405926e-04
7.700000e+01    5.521914e-03    -1.300725e-02    3.440225e-04
7.800000e+01    5.223047e-03    -1.261220e-02    3.454371e-04
7.900000e+01    4.947295e-03    -1.222674e-02    3.449069e-04
8.000000e+01    4.694508e-03    -1.185106e-02    3.425541e-04
8.100000e+01    4.464636e-03    -1.148550e-02    3.385617e-04
8.200000e+01    4.257700e-03    -1.113058e-02    3.331794e-04
8.300000e+01    4.073755e-03    -1.078697e-02    3.267256e-04
8.400000e+01    3.912852e-03    -1.045548e-02    3.195844e-04
8.500000e+01    3.774993e-03    -1.013698e-02    3.121958e-04
8.600000e+01    3.660082e-03    -9.832408e-03    3.050406e-04
8.700000e+01    3.567870e-03    -9.542674e-03    2.986180e-04
8.800000e+01    3.497908e-03    -9.268610e-03    2.934179e-04
8.900000e+01    3.449493e-03    -9.010897e-03    2.898901e-04
9.000000e+01    3.421628e-03    -8.769996e-03    2.884109e-04
9.100000e+01    3.412980e-03    -8.546090e-03    2.892513e-04
9.200000e+01    3.421862e-03    -8.339024e-03    2.925495e-04
9.300000e+01    3.446225e-03    -8.148273e-03    2.982901e-04
9.400000e+01    3.483662e-03    -7.972925e-03    3.062942e-04
9.500000e+01    3.531440e-03    -7.811684e-03    3.162202e-04
9.600000e+01    3.586548e-03    -7.662907e-03    3.275786e-04
9.700000e+01    3.645760e-03    -7.524656e-03    3.397588e-04
9.800000e+01    3.705719e-03    -7.394777e-03    3.520669e-04
9.900000e+01    3.763028e-03    -7.270998e-03    3.637718e-04
1.000000e+02    3.814358e-03    -7.151030e-03    3.741559e-04
1.010000e+02    3.856544e-03    -7.032680e-03    3.825658e-04
1.020000e+02    3.886690e-03    -6.913959e-03    3.884588e-04
1.030000e+02    3.902261e-03    -6.793169e-03    3.914406e-04
1.040000e+02    3.901156e-03    -6.668989e-03    3.912919e-04
1.050000e+02    3.881772e-03    -6.540515e-03    3.879807e-04
1.060000e+02    3.843037e-03    -6.407296e-03    3.816603e-04
1.070000e+02    3.784428e-03    -6.269326e-03    3.726531e-04
1.080000e+02    3.705961e-03    -6.127019e-03    3.614227e-04
1.090000e+02    3.608165e-03    -5.981155e-03    3.485364e-04
1.100000e+02    3.492036e-03    -5.832816e-03    3.346233e-04
1.110000e+02    3.358972e-03    -5.683299e-03    3.203298e-04
1.120000e+02    3.210704e-03    -5.534036e-03    3.062775e-04
1.130000e+02    3.049219e-03    -5.386501e-03    2.930267e-04
1.140000e+02    2.876676e-03    -5.242135e-03    2.810471e-04
1.150000e+02    2.695332e-03    -5.102270e-03    2.706977e-04
1.160000e+02    2.507469e-03    -4.968076e-03    2.622164e-04
1.170000e+02    2.315325e-03    -4.840517e-03    2.557190e-04
1.180000e+02    2.121045e-03    -4.720324e-03    2.512055e-04
1.190000e+02    1.926631e-03    -4.607985e-03    2.485746e-04
1.200000e+02    1.733911e-03    -4.503748e-03    2.476409e-04
1.210000e+02    1.544513e-03    -4.407634e-03    2.481565e-04
1.220000e+02    1.359855e-03    -4.319457e-03    2.498324e-04
1.230000e+02    1.181137e-03    -4.238862e-03    2.523595e-04
1.240000e+02    1.009342e-03    -4.165346e-03    2.554277e-04
1.250000e+02    8.452486e-04    -4.098303e-03    2.587418e-04
1.260000e+02    6.894402e-04    -4.037053e-03    2.620341e-04
1.270000e+02    5.423223e-04    -3.980872e-03    2.650735e-04
1.280000e+02    4.041399e-04    -3.929025e-03    2.676707e-04
1.290000e+02    2.749970e-04    -3.880785e-03    2.696805e-04
1.300000e+02    1.548758e-04    -3.835459e-03    2.710018e-04
1.310000e+02    4.365557e-05    -3.792397e-03    2.715742e-04
1.320000e+02    -5.886946e-05    -3.751007e-03    2.713747e-04
1.330000e+02    -1.529735e-04    -3.710762e-03    2.704119e-04
1.340000e+02    -2.389838e-04    -3.671202e-03    2.687203e-04
1.350000e+02    -3.172676e-04    -3.631937e-03    2.663549e-04
1.360000e+02    -3.882196e-04    -3.592642e-03    2.633851e-04
1.370000e+02    -4.522522e-04    -3.553060e-03    2.598899e-04
1.380000e+02    -5.097864e-04    -3.512990e-03    2.559530e-04
1.390000e+02    -5.612448e-04    -3.472286e-03    2.516594e-04
1.400000e+02    -6.070455e-04    -3.430853e-03    2.470921e-04
1.410000e+02    -6.475971e-04    -3.388635e-03    2.423297e-04
1.420000e+02    -6.832955e-04    -3.345612e-03    2.374446e-04
1.430000e+02    -7.145204e-04    -3.301796e-03    2.325023e-04
1.440000e+02    -7.416337e-04    -3.257221e-03    2.275602e-04
1.450000e+02    -7.649781e-04    -3.211944e-03    2.226676e-04
1.460000e+02    -7.848763e-04    -3.166035e-03    2.178659e-04
1.470000e+02    -8.016307e-04    -3.119573e-03    2.131888e-04
1.480000e+02    -8.155231e-04    -3.072647e-03    2.086626e-04
1.490000e+02    -8.268159e-04    -3.025350e-03    2.043071e-04
1.500000e+02    -8.357517e-04    -2.977775e-03    2.001361e-04
1.510000e+02    -8.425549e-04    -2.930017e-03    1.961583e-04
1.520000e+02    -8.474320e-04    -2.882166e-03    1.923775e-04
1.530000e+02    -8.505730e-04    -2.834310e-03    1.887942e-04
1.540000e+02    -8.521519e-04    -2.786533e-03    1.854053e-04
1.550000e+02    -8.523282e-04    -2.738914e-03    1.822053e-04
1.560000e+02    -8.512477e-04    -2.691525e-03    1.791868e-04
1.570000e+02    -8.490433e-04    -2.644432e-03    1.763408e-04
1.580000e+02    -8.458362e-04    -2.597698e-03    1.736572e-04
1.590000e+02    -8.417368e-04    -2.551376e-03    1.711254e-04
1.600000e+02    -8.368453e-04    -2.505516e-03    1.687343e-04
1.610000e+02    -8.312529e-04    -2.460161e-03    1.664729e-04
1.620000e+02    -8.250420e-04    -2.415350e-03    1.643301e-04
1.630000e+02    -8.182875e-04    -2.371116e-03    1.622953e-04
1.640000e+02    -8.110570e-04    -2.327487e-03    1.603584e-04
1.650000e+02    -8.034117e-04    -2.284489e-03    1.585099e-04
1.660000e+02    -7.954069e-04    -2.242143e-03    1.567408e-04
1.670000e+02    -7.870922e-04    -2.200465e-03    1.550428e-04
1.680000e+02    -7.785127e-04    -2.159470e-03    1.534085e-04
1.690000e+02    -7.697088e-04    -2.119169e-03    1.518309e-04
1.700000e+02    -7.607169e-04    -2.079570e-03    1.503038e-04
1.710000e+02    -7.515701e-04    -2.040680e-03    1.488217e-04
1.720000e+02    -7.422979e-04    -2.002502e-03    1.473796e-04
1.730000e+02    -7.329272e-04    -1.965039e-03    1.459728e-04
1.740000e+02    -7.234824e-04    -1.928292e-03    1.445976e-04
1.750000e+02    -7.139854e-04    -1.892258e-03    1.432503e-04
1.760000e+02    -7.044565e-04    -1.856935e-03    1.419280e-04
1.770000e+02    -6.949140e-04    -1.822320e-03    1.406281e-04
1.780000e+02    -6.853748e-04    -1.788407e-03    1.393484e-04
1.790000e+02    -6.758545e-04    -1.755190e-03    1.380872e-04
1.800000e+02    -6.663674e-04    -1.722662e-03    1.368431e-04
1.810000e+02    -6.569273e-04    -1.690816e-03    1.356147e-04
1.820000e+02    -6.475468e-04    -1.659641e-03    1.344011e-04
1.830000e+02    -6.382379e-04    -1.629129e-03    1.332014e-04
1.840000e+02    -6.290122e-04    -1.599268e-03    1.320148e-04
1.850000e+02    -6.198806e-04    -1.570048e-03    1.308406e-04
1.860000e+02    -6.108538e-04    -1.541456e-03    1.296777e-04
1.870000e+02    -6.019416e-04    -1.513478e-03    1.285251e-04
1.880000e+02    -5.931539e-04    -1.486102e-03    1.273819e-04
1.890000e+02    -5.844996e-04    -1.459313e-03    1.262468e-04
1.900000e+02    -5.759872e-04    -1.433097e-03    1.251185e-04
1.910000e+02    -5.676245e-04    -1.407438e-03    1.239959e-04
1.920000e+02    -5.594184e-04    -1.382323e-03    1.228776e-04
1.930000e+02    -5.513751e-04    -1.357737e-03    1.217627e-04
1.940000e+02    -5.434994e-04    -1.333665e-03    1.206502e-04
1.950000e+02    -5.357952e-04    -1.310094e-03    1.195394e-04
1.960000e+02    -5.282651e-04    -1.287011e-03    1.184300e-04
1.970000e+02    -5.209104e-04    -1.264403e-03    1.173218e-04
1.980000e+02    -5.137313e-04    -1.242259e-03    1.162152e-04
1.990000e+02    -5.067264e-04    -1.220569e-03    1.151106e-04
2.000000e+02    -4.998933e-04    -1.199321e-03    1.140086e-04
